NORMAL	CANCER
0.074617	0.439898
0.082337	0.440423
0.083483	0.441238
0.091111	0.443437
0.094738	0.444924
0.100332	0.44678
0.103865	0.446828
0.106129	0.446971
0.112304	0.446974
0.112679	0.447247
0.113697	0.447493
0.116126	0.448465
0.117829	0.448778
0.11801	0.44944
0.122618	0.449807
0.124139	0.450003
0.125413	0.450339
0.128702	0.451688
0.129358	0.451864
0.131012	0.454342
0.131046	0.455483
0.134412	0.457083
0.135789	0.457758
0.139157	0.458192
0.139771	0.458404
0.140362	0.458744
0.140555	0.458765
0.14092	0.458852
0.142157	0.459463
0.143171	0.461051
0.143457	0.461161
0.144855	0.462702
0.145658	0.463223
0.146211	0.463275
0.14912	0.463628
0.1495	0.464631
0.151304	0.465155
0.151637	0.465712
0.152537	0.466883
0.152792	0.467517
0.153247	0.468171
0.153379	0.468603
0.153835	0.469366
0.154271	0.471029
0.154406	0.471039
0.154733	0.472203
0.155253	0.472825
0.156188	0.473036
0.157402	0.473698
0.158335	0.473943
0.159974	0.475827
0.161779	0.477968
0.162112	0.478316
0.162113	0.478392
0.162291	0.480412
0.162322	0.480481
0.163557	0.481273
0.163978	0.481384
0.164152	0.482065
0.165032	0.482523
0.165803	0.48337
0.165885	0.483533
0.167812	0.484283
0.168511	0.484383
0.168787	0.484526
0.168924	0.485332
0.169525	0.486206
0.169803	0.48661
0.171114	0.487236
0.172612	0.487427
0.173059	0.48758
0.173566	0.488704
0.174509	0.488716
0.174629	0.488932
0.17469	0.489435
0.174854	0.489929
0.175406	0.490647
0.178033	0.490801
0.178715	0.491245
0.178831	0.491419
0.179177	0.492102
0.179229	0.492591
0.17968	0.495102
0.179934	0.495229
0.180183	0.495303
0.180254	0.495503
0.181119	0.496746
0.182547	0.497848
0.182808	0.498362
0.182984	0.499886
0.183401	0.500017
0.183887	0.500061
0.184223	0.500131
0.1844	0.500679
0.184494	0.500906
0.184706	0.501428
0.184895	0.50171
0.185951	0.502507
0.186603	0.503226
0.186615	0.504422
0.187419	0.504469
0.187843	0.505209
0.188725	0.505259
0.189137	0.50643
0.189646	0.506642
0.189709	0.507224
0.190275	0.507404
0.190452	0.509781
0.191149	0.509841
0.191314	0.510572
0.191693	0.511841
0.1919	0.512005
0.192548	0.514147
0.192566	0.51433
0.192855	0.51447
0.192876	0.515179
0.193162	0.515728
0.193177	0.515728
0.193449	0.516189
0.19394	0.516652
0.194004	0.51674
0.194445	0.517278
0.194657	0.517749
0.194944	0.517943
0.195349	0.5181
0.195379	0.518804
0.195412	0.519455
0.195865	0.519706
0.196325	0.520231
0.196452	0.523204
0.196603	0.523395
0.196832	0.523509
0.196907	0.524061
0.197135	0.524522
0.197509	0.52712
0.197662	0.52758
0.197842	0.527761
0.197941	0.528621
0.19916	0.52889
0.200137	0.529571
0.200274	0.529842
0.200402	0.530187
0.200435	0.530403
0.200693	0.532033
0.201596	0.532321
0.201802	0.53283
0.2021	0.533078
0.202453	0.53361
0.202506	0.533906
0.202849	0.53461
0.202987	0.534616
0.203025	0.53514
0.20306	0.535434
0.203275	0.535718
0.203527	0.536171
0.204116	0.536476
0.204539	0.536765
0.204656	0.5376
0.204674	0.538588
0.204775	0.539773
0.204826	0.540366
0.205127	0.540448
0.205539	0.542292
0.205617	0.542298
0.205691	0.542495
0.205701	0.543434
0.206473	0.543481
0.206628	0.543805
0.20664	0.544497
0.206767	0.545029
0.206931	0.54503
0.207092	0.545183
0.207265	0.54523
0.207553	0.545571
0.207666	0.546767
0.207868	0.546941
0.208097	0.547109
0.208122	0.547381
0.208551	0.54879
0.20863	0.54889
0.208899	0.549585
0.208936	0.549819
0.208952	0.550214
0.208972	0.550622
0.209499	0.550728
0.209693	0.55147
0.210444	0.551563
0.210469	0.552246
0.210677	0.552599
0.211137	0.552688
0.211379	0.552829
0.211602	0.553566
0.212324	0.55385
0.212416	0.554
0.212637	0.554697
0.212656	0.555262
0.212699	0.555279
0.213578	0.556129
0.213882	0.556722
0.214024	0.55684
0.214074	0.557345
0.214086	0.559038
0.214214	0.559224
0.214334	0.560605
0.214406	0.560607
0.214638	0.56119
0.214758	0.561592
0.214812	0.562348
0.214917	0.562456
0.215152	0.562683
0.215728	0.562779
0.216008	0.563253
0.216048	0.563985
0.216172	0.567457
0.216266	0.567552
0.216664	0.567644
0.217121	0.567892
0.217546	0.568067
0.217551	0.568731
0.217881	0.569489
0.21791	0.57111
0.218078	0.571987
0.218117	0.572097
0.21851	0.573066
0.218749	0.574069
0.21891	0.574077
0.219252	0.574568
0.219278	0.57624
0.219342	0.577355
0.219386	0.57837
0.219411	0.579019
0.219558	0.579564
0.220042	0.580288
0.220221	0.580535
0.220256	0.580674
0.220484	0.58092
0.220686	0.581359
0.221156	0.581738
0.221201	0.582784
0.221462	0.583103
0.221914	0.583863
0.221936	0.58454
0.222568	0.584686
0.22266	0.586321
0.223577	0.586476
0.224676	0.587111
0.224845	0.587555
0.22486	0.588386
0.224928	0.588589
0.225135	0.58964
0.225721	0.59081
0.225856	0.591827
0.225974	0.592216
0.22611	0.592298
0.226294	0.592605
0.226344	0.592718
0.226593	0.593521
0.227047	0.594514
0.227405	0.595577
0.227757	0.596323
0.22776	0.596868
0.227849	0.597309
0.22792	0.597472
0.228387	0.597752
0.228574	0.598614
0.229327	0.599432
0.229996	0.600231
0.230009	0.600269
0.230015	0.600394
0.230592	0.600458
0.23126	0.600963
0.231329	0.601536
0.231389	0.601836
0.231458	0.602395
0.231469	0.602527
0.232243	0.603131
0.23293	0.60462
0.233046	0.605508
0.233328	0.605611
0.233446	0.605695
0.233472	0.605884
0.234372	0.606422
0.234689	0.606832
0.235247	0.606886
0.235302	0.607287
0.235921	0.607589
0.236056	0.608733
0.236344	0.609434
0.236469	0.609444
0.237541	0.609551
0.237932	0.610504
0.238045	0.611196
0.238225	0.611651
0.238295	0.611904
0.238453	0.612141
0.238918	0.612557
0.239711	0.613845
0.239788	0.615195
0.239824	0.61536
0.241519	0.615965
0.241667	0.617145
0.241828	0.617261
0.242264	0.617907
0.242697	0.61794
0.242738	0.619404
0.242883	0.619459
0.244473	0.619643
0.245115	0.620009
0.245292	0.620453
0.245496	0.620689
0.246136	0.621583
0.246324	0.622331
0.246357	0.622487
0.246755	0.622513
0.246848	0.623354
0.24788	0.624701
0.248561	0.625309
0.248583	0.626087
0.248629	0.626186
0.248738	0.627106
0.249048	0.627569
0.249084	0.627592
0.249378	0.627602
0.250066	0.627735
0.25085	0.6291
0.250931	0.630185
0.251058	0.630515
0.251171	0.630981
0.25212	0.631359
0.252784	0.631364
0.252834	0.632138
0.252874	0.632253
0.252895	0.63358
0.253534	0.63369
0.253692	0.633773
0.25376	0.634
0.25454	0.634206
0.254549	0.634317
0.2546	0.634373
0.25485	0.634713
0.255232	0.635397
0.255483	0.635469
0.255641	0.635562
0.255665	0.636198
0.256197	0.636642
0.256365	0.636667
0.256491	0.637029
0.257388	0.639254
0.257409	0.639263
0.257936	0.640113
0.258057	0.641052
0.258336	0.641659
0.258656	0.641834
0.258763	0.644648
0.259276	0.645537
0.259523	0.645573
0.260208	0.645695
0.2606	0.645771
0.261055	0.645785
0.262145	0.646137
0.263058	0.646215
0.264289	0.647071
0.264622	0.647855
0.264646	0.648348
0.264747	0.649134
0.266364	0.650001
0.266478	0.650394
0.267358	0.650623
0.267824	0.650646
0.270424	0.650771
0.27103	0.651016
0.271114	0.651313
0.271505	0.652554
0.271506	0.653235
0.271551	0.653371
0.271828	0.653992
0.272244	0.65419
0.272531	0.654962
0.27337	0.655478
0.273877	0.655955
0.274662	0.658099
0.276276	0.658451
0.276326	0.659449
0.276377	0.659686
0.276409	0.660376
0.276528	0.660837
0.277098	0.662202
0.277543	0.662412
0.277612	0.662425
0.278572	0.662426
0.279415	0.663067
0.279587	0.663449
0.279997	0.663996
0.28002	0.664183
0.280031	0.664604
0.280892	0.66545
0.281859	0.666452
0.28189	0.666461
0.282318	0.666901
0.282697	0.667142
0.283773	0.667626
0.283962	0.667671
0.284168	0.668874
0.284658	0.669007
0.284727	0.669198
0.285376	0.669276
0.285445	0.669773
0.288742	0.669835
0.291691	0.671127
0.29293	0.672073
0.29342	0.672423
0.294587	0.673038
0.296497	0.673269
0.297443	0.673474
0.297811	0.674258
0.298053	0.674399
0.299528	0.674688
0.299852	0.675138
